begin: 2020-03-02_22:08:17.532457
end: 2020-03-02_22:11:30.935491
total: 0:03:13.403034