begin: 2020-03-02_22:04:54.540675
end: 2020-03-02_22:08:07.309725
total: 0:03:12.769050