begin: 2020-03-02_22:01:31.829805
end: 2020-03-02_22:04:44.355780
total: 0:03:12.525975